CX654,Cathay Pacific
Bangkok,Thailand,15:05
Hongkong,Hongkong,10:55
7050
30,29,28,27,30,30,30,30,30,30,30,30,30,30,30,30,30,30,30,30,30,30,30,30,30,30,30,30,30,30,30
SQ712,Singapore Airlines
Changi,Singapore,15:25
Bangkok,Thailand,17:00
5632
30,30,30,30,30,30,30,30,30,30,30,30,30,30,30,30,30,30,30,30,30,30,30,30,30,30,30,30,30,30,30
SG110,Singapore Airlines
Hongkong,Hongkong,11:35
Changi,Singapore,16:30
5632
30,30,30,30,30,30,30,30,30,30,30,30,30,30,30,30,30,30,30,30,30,30,30,30,30,30,30,30,30,30,30
AA458,Airasia Airlines
Bangkok,Thailand,15:05
Changi,Singapore,15:25
15000
30,30,30,30,30,30,30,30,30,30,30,30,30,30,30,30,30,30,30,30,30,30,30,30,30,30,30,30,30,30,30
SD123,Egypt Airlines
Memphis,Egypt,12:30
Washington,USA,00:30
12000
30,30,30,30,30,30,30,30,30,30,30,30,30,30,30,30,30,30,30,30,30,30,30,30,30,30,30,30,30,30,30
TE125,Emirates
Memphis,Egypt,10:00
Hongkong,Hongkong,16:00
11230
30,30,30,30,30,30,30,30,30,30,30,30,30,30,30,30,30,30,30,30,30,30,30,30,30,30,30,30,30,30,30
